Shear/q and Bending Moment/q vs Y
  Configuration: Boeing X-48B
  Mach  =    0.000
  alpha =    0.080    CLtot =    0.110
  beta  =    0.000

  Sref  =     9.35000
  Bref  =     6.40000

 Surface:   1
Body_Wing
     2Ymin/Bref =    0.00000000
     2Ymax/Bref =    1.00000000
   2Y/Bref      Vz/(q*Sref)      Mx/(q*Bref*Sref)
    0.0000  0.558887E-01     0.107173E-01
    0.0258  0.524911E-01     0.969061E-02
    0.1017  0.457802E-01     0.782882E-02
    0.2025  0.372631E-01     0.573652E-02
    0.2897  0.304745E-01     0.426022E-02
    0.3617  0.254158E-01     0.325594E-02
    0.4274  0.212640E-01     0.248852E-02
    0.4869  0.178967E-01     0.190723E-02
    0.5523  0.145808E-01     0.137742E-02
    0.6226  0.114113E-01     0.920523E-03
    0.6850  0.890514E-02     0.603472E-03
    0.7395  0.691426E-02     0.388318E-03
    0.7895  0.522009E-02     0.236741E-03
    0.8347  0.379777E-02     0.134789E-03
    0.8750  0.262887E-02     0.702022E-04
    0.9099  0.169793E-02     0.324200E-04
    0.9394  0.990896E-03     0.126287E-04
    0.9632  0.493421E-03     0.380637E-05
    0.9812  0.187023E-03     0.751083E-06
    0.9932  0.406689E-04     0.659828E-07
    0.9992  0.244281E-05     0.923030E-09
    1.0000   0.00000          0.00000

 Surface:   2
Body_Wing (YDUP)
     2Ymin/Bref =   -1.00000000
     2Ymax/Bref =    0.00000000
   2Y/Bref      Vz/(q*Sref)      Mx/(q*Bref*Sref)
    0.0000  0.558887E-01    -0.107173E-01
   -0.0258  0.524911E-01    -0.969061E-02
   -0.1017  0.457802E-01    -0.782882E-02
   -0.2025  0.372631E-01    -0.573652E-02
   -0.2897  0.304745E-01    -0.426022E-02
   -0.3617  0.254158E-01    -0.325594E-02
   -0.4274  0.212640E-01    -0.248852E-02
   -0.4869  0.178967E-01    -0.190723E-02
   -0.5523  0.145808E-01    -0.137742E-02
   -0.6226  0.114113E-01    -0.920523E-03
   -0.6850  0.890514E-02    -0.603472E-03
   -0.7395  0.691426E-02    -0.388318E-03
   -0.7895  0.522009E-02    -0.236741E-03
   -0.8347  0.379777E-02    -0.134789E-03
   -0.8750  0.262887E-02    -0.702022E-04
   -0.9099  0.169793E-02    -0.324200E-04
   -0.9394  0.990896E-03    -0.126287E-04
   -0.9632  0.493421E-03    -0.380637E-05
   -0.9812  0.187023E-03    -0.751083E-06
   -0.9932  0.406689E-04    -0.659828E-07
   -0.9992  0.244281E-05    -0.923030E-09
   -1.0000   0.00000         -0.00000

 Surface:   3
Winglet
     2Ymin/Bref =    1.00000000
     2Ymax/Bref =    1.00000000
   2Y/Bref      Vz/(q*Sref)      Mx/(q*Bref*Sref)
    1.0000  0.369657E-03     0.893275E-05
    1.0000  0.310144E-03     0.620127E-05
    1.0000  0.181240E-03     0.225244E-05
    1.0000  0.745283E-04     0.504022E-06
    1.0000  0.172004E-04     0.484419E-07
    1.0000  0.107618E-05     0.720124E-09
    1.0000   0.00000          0.00000

 Surface:   4
Winglet (YDUP)
     2Ymin/Bref =   -1.00000000
     2Ymax/Bref =   -1.00000000
   2Y/Bref      Vz/(q*Sref)      Mx/(q*Bref*Sref)
   -1.0000  0.369657E-03    -0.893275E-05
   -1.0000  0.310144E-03    -0.620127E-05
   -1.0000  0.181240E-03    -0.225244E-05
   -1.0000  0.745283E-04    -0.504022E-06
   -1.0000  0.172004E-04    -0.484419E-07
   -1.0000  0.107618E-05    -0.720124E-09
   -1.0000   0.00000         -0.00000
